-1808.0
1664.4
1382.2
2320.4
1403.4
1766.0
-808.8
1318.6
-1707.4
1171.2
-1326.6
1490.4
-2103.8
1025.0
2103.4
1883.4
1428.4
899.2
899.0
850.5999999999999
1054.8
0
1801.6
-1554.2
1250.0
861.4000000000001
2091.0
1770.2
2159.8
1222.8
1793.2
1353.8
1833.6
1332.4
991.4000000000001
1243.0
1879.6
1709.0
1886.8
1201.4
1200.2
1400.4
1615.8
1412.6
1826.6
-1916.2
0
1605.0
1532.8
1444.2
1693.4
-1652.4
1426.6
1573.2
921.4000000000001
1767.2
1753.8
1817.8
-1070.4
1428.8
1575.0
1699.0
1339.6
1379.0
1491.8
1193.6
1252.2
1120.4
1363.0
1238.8
0
1525.4
1410.8
1635.8
884.5999999999999
726.0
1532.8
1317.2
1040.8
1094.4
1135.8
2183.0
995.5999999999999
1620.0
1301.6
1018.4000000000001
1317.6
1533.4
1145.4
2009.8
1804.6
1492.2
1188.8
1356.6
1996.0
1697.0
-2055.8
-1943.2
1416.0
1224.0
1314.8
0
0
2082.0
1740.8
1364.0
904.8
1406.6
1586.0
1851.8
1772.8
1052.6
1228.8
1080.4
1796.0
0
915.4000000000001
-1325.8
1460.6
1848.2
1442.0
0
1203.6
2018.2
1448.2
1817.0
2155.2
1177.8
0
1039.2
899.5999999999999
0
1835.4
1313.0
1584.8
1030.2
1661.4
1677.4
1287.4
2099.4
1943.0
1040.6
1261.8
1532.6
2000.4
1977.2
1217.0
1493.6
670.5999999999999
0
1275.8
2112.0
755.0
2420.0
1402.6
1980.4
1992.6
1505.8
1222.8
1150.8
1637.6
1563.8
1627.6
1061.2
0
978.0
2231.6
1419.2
856.4000000000001
1695.6
1154.8
1792.6
1131.4
0
2075.2
1732.2
1153.4
1169.6
1465.4
-1453.0
2046.8
1316.0
2161.2
1928.2
1520.2
1853.4
1891.6
915.2
1312.4
0
1478.0
1885.8
1315.0
1711.4
1974.6
0
784.8
1728.6
1714.6
798.0
