20
-13
-19
27
-3
-5
-6
-12
27
-14
23
27
14
-15
17
7
-18
-19
-15
-7
-6
12
18
-19
15
-8
25
21
24
14
6
-6
8
17
-3
-20
28
-10
24
7
1
-3
-11
-7
28
1
-14
-15
4
-14
2
2
18
-4
-18
26
9
14
-13
4
-15
15
-2
20
19
3
16
-8
25
-16
-18
22
-6
29
-2
-15
-6
-14
4
-3
9
20
3
-10
3
2
-7
22
-3
24
23
21
-16
18
20
-10
14
26
-5
-10
9
4
-3
20
24
15
-6
23
0
29
29
-17
-6
-18
0
5
-3
-16
-7
16
25
0
-7
21
11
5
21
9
-11
-4
-12
-5
27
15
14
-4
27
17
7
17
5
3
-6
-12
12
11
-15
28
-17
-13
-11
20
-10
30
23
7
18
-16
4
4
18
9
13
-4
15
-20
23
26
-13
23
14
28
-3
29
21
1
-13
-2
7
-10
9
-20
26
26
-4
12
28
-9
12
-14
20
-1
20
12
18
-8
-11
3
28
-10
